6 6 2 5
1 None -0.655 0 3000000 6000000 0 1000 1
2 None -0.0421 0 3000000 6000000 -1000 1000 0
3 None 0.64 0.5 3000000 6000000 -1000 1000 0
4 None 0.96 -0.5 3000000 6000000 -1000 1000 0
5 None -0.605 0 3000000 6000000 -1000 1000 0
6 None -0.0021 -0.04 3000000 6000000 -1000 1000 0
1 Pipe1 5 2 0.6 50 0.01 0
2 Pipe2 2 3 0.6 80 0.01 0
3 Pipe3 6 4 0.6 80 0.01 0
4 Pipe4 3 4 0.3 80 0.01 0
5 Comp1 1 5 1 0.25 0.001 1
6 Comp2 2 6 1 0.25 0.001 1
1 Comp1 1 5 1 1.4 3000000 0 1000
2 Comp2 2 6 1 1.35 2000000 0 1000
1 LDC_A 2
2 LDC_B 3
3 LDC_C 4
4 PP_A 3
5 PP_B 4
