30 29 5 15
1 Node1 0.8714 -0.755 3447378.645 5515805.832 0 384.6502 1
2 Node2 0.4018 -0.2421 3447378.645 5515805.832 0 0 0
3 Node3 0.3762 0.1248 3447378.645 5515805.832 0 0 0
4 Node4 0.4099 0.2794 3447378.645 5515805.832 0 0 0
5 Node5 0.6983 0.2794 3447378.645 5515805.832 0 0 0
6 Node6 0.8161 0.139 3447378.645 5515805.832 -48.0813 0 0
7 Node7 0.72 0.6232 3447378.645 5515805.832 0 0 0
8 Node8 0.8401 0.7751 3447378.645 5515805.832 -48.0813 0 0
9 Node9 0.1949 -0.245 3447378.645 5515805.832 0 0 0
10 Node10 -0.1382 -0.6576 3447378.645 5515805.832 0 0 0
11 Node11 -0.1502 -0.8639 3447378.645 5515805.832 0 0 0
12 Node12 0.0901 -0.9126 3447378.645 5515805.832 -48.0813 0 0
13 Node13 -0.3377 -0.9069 3447378.645 5515805.832 -48.0813 0 0
14 Node14 -0.2066 -0.3064 3447378.645 5515805.832 0 0 0
15 Node15 -0.4555 -0.2564 3447378.645 5515805.832 0 0 0
16 Node16 -0.7103 -0.4456 3447378.645 5515805.832 0 0 0
17 Node17 -0.7656 -0.6777 3447378.645 5515805.832 0 0 0
18 Node18 -0.869 -0.7092 3447378.645 5515805.832 -48.0813 0 0
19 Node19 -0.7993 -0.2994 3447378.645 5515805.832 -48.0813 0 0
20 Node20 -0.1264 0.2909 3447378.645 5515805.832 0 0 0
21 Node21 -0.3353 0.3539 3447378.645 5515805.832 0 0 0
22 Node22 -0.4363 0.6117 3447378.645 5515805.832 0 0 0
23 Node23 -0.4531 0.7436 3447378.645 5515805.832 0 0 0
24 Node24 -0.9228 0.7019 3447378.645 5515805.832 -48.0813 0 0
25 Node25 -0.2656 0.6146 3447378.645 5515805.832 -48.0813 0 0
26 Node26 0.8014 -0.685 3447378.645 5515805.832 0 0 0
27 Node27 0.3218 -0.2421 3447378.645 5515805.832 0 0 0
28 Node28 0.3762 0.1848 3447378.645 5515805.832 0 0 0
29 Node29 -0.2866 -0.3064 3447378.645 5515805.832 0 0 0
30 Node30 -0.1764 0.3009 3447378.645 5515805.832 0 0 0
1 Pipe1 26 2 0.9144 100 0.01 0
2 Pipe2 2 3 0.635 30 0.01 0
3 Pipe3 28 4 0.635 5 0.01 0
4 Pipe4 4 5 0.635 15 0.01 0
5 Pipe5 5 6 0.635 10 0.01 0
6 Pipe6 5 7 0.635 5 0.01 0
7 Pipe7 7 8 0.635 10 0.01 0
8 Pipe8 27 9 0.9144 5 0.01 0
9 Pipe9 9 10 0.9144 60 0.01 0
10 Pipe10 10 11 0.635 5 0.01 0
11 Pipe11 11 12 0.635 8 0.01 0
12 Pipe12 11 13 0.635 6 0.01 0
13 Pipe13 10 14 0.9144 80 0.01 0
14 Pipe14 29 15 0.9144 10 0.01 0
15 Pipe15 15 16 0.9144 20 0.01 0
16 Pipe16 16 17 0.635 3 0.01 0
17 Pipe17 17 18 0.635 6 0.01 0
18 Pipe18 16 19 0.635 5 0.01 0
19 Pipe19 15 20 0.9144 40 0.01 0
20 Pipe20 30 21 0.9144 5 0.01 0
21 Pipe21 21 22 0.9144 20 0.01 0
22 Pipe22 22 23 0.9144 5 0.01 0
23 Pipe23 23 24 0.9144 16 0.01 0
24 Pipe24 22 25 0.635 8 0.01 0
25 Comp1 1 26 1 0.25 0.001 1
26 Comp2 2 27 1 0.25 0.001 1
27 Comp3 3 28 1 0.25 0.001 1
28 Comp4 14 29 1 0.25 0.001 1
29 Comp5 20 30 1 0.25 0.001 1
1 Comp1 1 25 1 1.4 3500 0 168.2845
2 Comp2 2 26 1 1.4 2500 0 144.2438
3 Comp3 3 27 1 1.4 1500 0 96.1626
4 Comp4 14 28 1 1.4 1000 0 144.2438
5 Comp5 20 29 1 1.4 1000 0 144.2438
1 LDC_A 6
2 LDC_B 8
3 LDC_C 24
4 LDC_D 25
5 LDC_E 12
6 LDC_F 13
7 LDC_G 18
8 LDC_H 19
9 LDC_I 12
10 PP_A 25
11 PP_B 6
12 PP_C 18
13 PP_D 24
14 PP_E 24
15 PP_F 25
